chr	start	end	score
1	455336	493087	40
1	777659	820629	0
1	777659	820629	0
1	898703	6229913	3
1	1020102	1056119	30
1	1232237	1235041	30
1	1709560	1715561	40
1	1785286	1891087	1
1	2228319	2310213	0
1	3652516	3736201	0
1	5862810	5992425	30
1	6101787	6180321	1
1	6424776	6461367	30
1	6466092	6520092	30
1	6785452	7769706	3
1	7961711	7985505	30
1	9234767	9271337	30
1	10474946	10630758	30
1	10636604	10796650	1
1	11012654	11030528	0
1	11026523	11047239	30
1	11785723	11806103	30
1	11934717	11975537	30
1	11980215	12013508	0
1	12826782	12882210	40
1	12835148	12880149	0
1	12836571	12870422	40
1	12837756	12862385	0
1	12839542	12864430	40
1	12890169	12906170	40
1	12929369	12939070	40
1	13040162	13049863	40
1	13366389	13447984	40
1	15825195	15829107	40
1	15826172	15829022	40
1	15847707	15940456	1
1	16022036	16034050	30
1	16043782	16057326	30
1	16682950	16686282	40
1	16985958	17011972	30
1	17018722	17054032	3
1	18871430	18902580	30
1	20633458	20651511	30
1	20651777	20661369	30
1	21822244	21937310	30
1	21986630	22009219	40
1	22653236	22661637	30
1	23957509	23964510	40
1	25266308	25324509	40
1	25267208	25283709	40
1	25287508	25294509	40
1	25304408	25309509	40
1	25313008	25323509	40
1	25317908	25323009	40
1	25328508	25334859	40
1	26696015	26782104	3
1	27534245	27604178	3
1	31652263	31704162	40
1	40071461	40097252	30
1	40300487	40317653	0
1	40508741	40516050	40
1	41506365	42035934	1
1	42746374	42767028	30
1	42925353	42958868	3
1	44850522	44986641	30
1	45329242	45340447	30
1	45500229	45513382	30
1	47250139	47314896	30
1	47416285	47418052	0
1	54998933	55017172	30
1	55039548	55064852	40
1	58575433	58577252	30
1	61077227	61462788	3
1	62188989	62191539	40
1	62454726	62688386	30
1	62597520	62606313	30
1	63367627	63438553	30
1	63593411	63660245	30
1	64374229	64386185	40
1	65264749	65415871	30
1	65420652	65641559	30
1	66999350	67054423	30
1	68045886	68051631	0
1	70411268	70441949	30
1	75724709	75763679	30
1	91260766	91408008	30
1	92245786	92441936	3
1	97077743	97921059	30
1	100186919	100249864	30
1	102876473	103108580	1
1	103648377	103760578	0
1	108374690	108457706	0
1	108380727	108453478	40
1	108875350	108934545	30
1	109064140	109076003	1
1	109548615	109600195	0
1	109687572	109711959	40
1	112674312	112702377	0
1	113894194	113905067	30
1	115700021	115768714	30
1	119911553	120069662	0
1	120900178	120910679	40
1	143657400	143709403	40
1	143713202	143723502	40
1	143874448	143938649	40
1	143902073	143911524	40
1	145686999	146048495	1
1	145911348	145918717	30
1	146017470	146021735	30
1	147017931	147080932	40
1	147105904	147917509	3
1	147172747	147295762	0
1	147756199	147781127	1
1	147902795	147915287	1
1	147961367	147982768	40
1	148087722	148158223	40
1	148383996	148441436	40
1	148459777	148510778	40
1	149923317	149927803	3
1	151402724	151459494	3
1	152302165	152325239	3
1	152582450	152602872	40
1	152583065	152615264	40
1	152788043	152798615	40
1	152789019	152801061	0
1	153804725	153923953	3
1	155139891	155140573	30
1	155234452	155244627	30
1	155335263	155563160	3
1	156082573	156140081	2
1	161314381	161375340	3
1	161559468	161641133	40
1	161600533	161628390	40
1	161766320	161964070	30
1	164559184	164886047	3
1	165724291	165768922	30
1	168055320	168056494	40
1	169511951	169586630	30
1	170532134	170553834	30
1	171185208	171212686	40
1	172659103	172666876	30
1	173824673	173858546	30
1	179486462	179489161	40
1	180228372	180278984	1
1	182378098	182391790	30
1	183186264	183245127	30
1	183555562	183590914	30
1	186296273	186314567	30
1	193122031	193254815	3
1	197038741	197067264	30
1	197084127	197146669	30
1	201039509	201112453	0
1	201359014	201377828	0
1	202331657	202341936	30
1	202724495	202809470	1
1	204190341	204196491	30
1	205042937	205078289	30
1	207535404	207544705	40
1	209785617	209806142	3
1	209938165	210171389	30
1	215622891	216423448	30
1	219910395	219959098	30
1	220148293	220272453	30
1	222199866	222208120	40
1	222814514	223005995	0
1	224385146	224434797	3
1	225401502	225428821	30
1	230702523	230745583	30
1	231241210	231277973	30
1	231626790	232041272	0
1	235367427	235452443	30
1	235440654	235504481	30
1	235661031	235883713	30
1	236794304	236903981	30
1	237042184	237833988	0
1	239386565	239915450	1
1	241497603	241519755	3
1	243124428	245154985	3
1	243255418	243503683	30
1	243488233	243851079	1
1	244048653	244057476	3
1	244835306	244845063	30
1	248456698	248483699	0
1	248549153	248594102	40
1	248565698	248579699	40
1	248567698	248634899	40
1	248574698	248580699	40
1	248592354	248595177	40
1	248593579	248634508	40
1	248643398	248656424	40
2	1413288	1543673	30
2	1631887	1744852	30
2	1789113	2331388	3
2	3595112	3644644	30
2	5692384	5701385	3
2	14998067	15561344	30
2	15568553	16045215	Not Yet Evaluated
2	15940550	15947004	3
2	17753687	17788946	40
2	19910260	19990105	30
2	19992052	20012668	0
2	21001429	21044073	3
2	25227874	25342590	1
2	25733753	25878487	0
2	26457203	26558756	30
2	29061695	29074523	30
2	29190992	29921589	0
2	31334320	31414777	30
2	31522480	31665651	30
2	32063551	32157637	3
2	38797729	38875934	0
2	38981549	39124868	0
2	43806154	43838840	30
2	43831942	43882988	30
2	43886224	43995989	30
2	44183133	44362502	30
2	44275464	44321494	30
2	44317607	44361862	30
2	44941702	44946071	3
2	46617215	46630176	30
2	46901870	46941855	30
2	46915866	47076123	30
2	47369311	47387020	30
2	47403067	47634501	3
2	47783145	47806954	3
2	49918503	51032132	3
2	58912065	62261736	3
2	60450520	60553654	3
2	61800240	61854126	30
2	63119559	63588733	30
2	71109684	71130288	30
2	73385758	73609919	30
2	73926827	73958961	30
2	84423528	84459280	30
2	85837120	85889034	30
2	86784605	86808396	30
2	87015076	87026477	40
2	88556741	88627464	30
2	89159760	89213455	40
2	89967024	90013408	40
2	90005627	90022201	40
2	90005741	90063995	40
2	90121435	90124718	40
2	90210510	90237066	40
2	96073264	97005692	3
2	96248514	96265997	3
2	96760902	96811888	30
2	110104531	110228181	30
2	110123348	110205013	30
2	110634616	112347165	2
2	111120914	111168445	0
2	113215997	113278921	1
2	113627218	113643392	40
2	120735868	120992653	3
2	121337776	121649462	0
2	127048023	127107154	30
2	127257290	127294166	30
2	130036309	130065676	40
2	130196426	130201427	40
2	130197365	130199814	40
2	130479426	130484427	40
2	130491326	130497027	40
2	130592165	130599575	0
2	130655226	130672427	40
2	130719936	131172120	1
2	130729070	130730336	0
2	130836914	131051514	0
2	131762426	131771427	40
2	132096003	132455990	0
2	135052281	135176667	30
2	135787850	135837195	30
2	144384081	144520119	3
2	147930396	148021551	30
2	148021011	148516971	3
2	149569637	149587775	30
2	156324432	156332724	3
2	161416297	161425870	3
2	161620963	161985270	1
2	165208056	165392310	3
2	165747588	165796352	30
2	165873362	165953781	30
2	165984641	166149161	3
2	168915468	169031396	30
2	169127109	169362597	30
2	169479494	169506655	30
2	171783405	171894244	0
2	172085507	172089674	0
2	172099438	172102900	0
2	176080107	176083962	0
2	176087487	176095944	3
2	176122719	176124937	0
2	178525989	178807423	3
2	182909115	183038457	3
2	188974373	189012746	3
2	190968989	191014197	0
2	199269500	199471266	3
2	201071784	201085750	30
2	201182885	201229406	1
2	201620186	201643503	30
2	201700267	201781153	30
2	202376310	202567751	3
2	208128137	208139100	0
2	210477685	210679107	30
2	214725645	214809683	3
2	218659683	218663443	30
2	218781733	218815293	30
2	219434215	219493629	30
2	219498891	219506989	30
2	219549408	219571573	30
2	222199887	222298998	3
2	224470150	224585363	3
2	227164589	227314792	30
2	229763837	229923234	3
2	231961713	232344350	1
2	232697331	232860605	1
2	234050667	234077134	0
2	237486410	237555322	30
2	238848085	238910534	30
2	239032997	241988449	3
2	239048168	239401649	1
2	239892442	240025343	30
2	240713767	240821403	0
2	240868824	240880500	30
2	241734629	241768816	30
2	241930711	242070030	40
2	241988449	242157305	40
3	978021	1404217	0
3	2098866	3059080	0
3	4034714	4467270	30
3	9397615	9478154	3
3	9866710	9880253	30
3	10026437	10101932	30
3	10141778	10153667	3
3	10992748	11039247	3
3	12484456	12539624	30
3	12583601	12664117	0
3	13816258	13880071	30
3	14125006	14143680	0
3	14145145	14178601	30
3	15450133	15521706	30
3	15601352	15722516	30
3	17157162	17742739	0
3	23916545	23924631	1
3	25718944	25790039	30
3	30606472	30694142	2
3	32996617	33097146	30
3	33114014	33147773	30
3	36993487	37050846	3
3	38281662	38318575	40
3	38548061	38649687	3
3	41199422	41240445	3
3	45917903	45995824	30
3	46574535	46582457	1
3	46857872	46863444	0
3	47016431	47164113	3
3	48564073	48595329	30
3	52401004	52410030	3
3	58008422	58172251	0
3	59747277	61251452	0
3	69739464	69968332	3
3	70954708	71583983	3
3	75373756	75595473	40
3	75518194	75532541	40
3	75718848	75746849	40
3	78597239	79767998	0
3	81489703	81761645	30
3	97762581	97812585	30
3	98159451	98204582	40
3	98168648	98200490	40
3	108907644	108955195	40
3	119294289	119420714	0
3	122183668	122291629	0
3	123610049	123884332	1
3	128479422	128493201	3
3	130345516	130484846	40
3	136684193	148623326	3
3	138944224	138947137	3
3	142449235	142578793	1
3	146069437	146161184	30
3	147386046	147407476	0
3	147409365	147416719	0
3	149129624	149173732	30
3	149162410	149222008	30
3	150926163	150972999	30
3	155760377	155780857	40
3	158644527	158695581	30
3	164978898	165078496	30
3	165772904	165837423	30
3	173395929	174294372	0
3	174438534	175810548	0
3	177019344	177197482	3
3	179148114	179240093	0
3	180614008	180679489	30
3	181711925	181714436	3
3	183015218	183099587	30
3	189596746	189897276	1
3	192139390	192727541	0
3	195649717	195766662	0
3	195653407	195742693	40
3	196029183	197617791	3
3	196234368	196287726	30
3	196468783	196503768	30
3	196739857	196832647	1
4	337779	2009235	3
4	337814	384868	30
4	986997	1004564	30
4	1009930	1026898	0
4	1341998	1388049	30
4	1793293	1808872	0
4	1811479	1856156	0
4	1982717	2041914	0
4	2059327	2069089	30
4	3463306	3501482	30
4	3503612	3532497	30
4	4859665	4863936	3
4	5562408	5709548	30
4	6260368	6303265	0
4	9416271	9455642	0
4	9485260	9514441	40
4	9781634	9784009	0
4	10486395	10734853	0
4	13367724	13484340	30
4	13540830	13544508	30
4	15468660	15601557	30
4	17486395	17512090	30
4	25120014	25160546	30
4	25655851	25678748	30
4	42892713	43030658	30
4	49175172	49247858	40
4	49487225	49522795	0
4	68310387	68350093	1
4	69257932	69366619	40
4	69258281	69305582	40
4	69260763	69369641	40
4	69269114	69404673	40
4	69272345	69381447	40
4	69286321	69395616	40
4	70028459	70036538	40
4	74416911	74457464	40
4	74448523	74457524	40
4	74450282	74457283	40
4	76158737	76213824	0
4	79901146	80073472	30
4	83263824	83285134	30
4	83459517	83485137	0
4	87303794	87322882	40
4	87608529	87616873	0
4	87650280	87664357	30
4	88007635	88077779	3
4	99546711	99564039	30
4	99564130	99623997	30
4	106315544	106349456	30
4	110617423	110642123	3
4	112705622	113383736	3
4	121824329	121870487	30
4	122700437	122744943	30
4	127917732	127965988	30
4	139301499	139391384	3
4	145619385	145660033	30
4	148078764	148444698	3
4	150264435	151015727	30
4	153152163	153339317	30
4	154740838	154753120	30
4	157076146	157172090	30
4	158672296	158709623	30
4	169392809	169612629	30
4	174490175	174522893	30
4	177430774	177442469	30
4	186191567	186213463	30
5	37695	11347150	3
5	814331	825252	0
5	1225381	1246189	40
5	1253167	1295068	1
5	1392794	1445440	30
5	1801407	1816048	30
5	7851186	7901124	30
5	10249921	10266412	30
5	10971836	11904446	1
5	13690328	14011829	30
5	14143342	14510204	3
5	14704800	14871778	0
5	16473038	16617096	30
5	34929540	34958964	1
5	36876769	37066413	3
5	37063928	37249499	30
5	41730065	41870535	30
5	44300247	44389706	3
5	53095679	53109757	30
5	53560610	53683338	30
5	56815543	56896152	0
5	58969038	60524329	0
5	60866454	60945070	30
5	60945205	61153026	30
5	69415116	69444330	30
5	69492547	69558104	30
5	70009572	70073273	0
5	70020257	70047833	0
5	71017172	71069273	40
5	71028672	71108173	0
5	71031172	71039873	40
5	74640023	74721288	30
5	75368486	75511981	0
5	80654652	80876815	30
5	87267845	87391916	3
5	88717117	88904105	3
5	90558796	91164437	30
5	93583222	93594613	3
5	95463894	95554980	30
5	111570233	111575342	40
5	112707498	112846239	3
5	119452497	119542332	30
5	123089148	123194266	0
5	126776623	126837020	0
5	131170944	131205428	30
5	138753425	138935034	3
5	138946724	139198368	30
5	140114109	140125619	3
5	140717182	140724468	40
5	140842551	140859346	40
5	141392633	141512975	40
5	147824582	147839196	3
5	148063980	148137382	30
5	148982150	149063062	30
5	149993118	150000654	40
5	150219491	150290130	1
5	150357697	150400306	3
5	157180840	157255185	30
5	161847191	161899971	1
5	162067465	162155539	1
5	171309248	171312139	0
5	171861549	172006638	0
5	173232109	173235321	3
5	176301976	177620792	3
5	177131835	177300213	3
5	177384434	177412021	30
5	177511577	177516961	3
5	177600102	177610330	30
5	177992235	177996242	30
5	178149463	178153885	30
5	178921351	178926193	40
5	178978327	178995320	30
5	179110853	179345461	30
5	180948131	181003626	40
5	181164001	181169624	40
5	181360998	181429999	40
6	83824	202184	40
6	259528	339802	40
6	1609915	1613897	3
6	2948159	2971793	30
6	3118376	3153599	40
6	5261007	5771583	30
6	6144084	6320662	30
6	7541671	7586714	3
6	11183298	11382348	1
6	15245975	15522042	0
6	24494969	24537207	30
6	26087347	26098343	30
6	26156329	26157115	0
6	29869423	29881496	40
6	29924783	29938057	40
6	31137534	31139066	40
6	32038415	32041644	30
6	32508079	32546462	40
6	32549059	32573916	40
6	32659773	32680646	40
6	33420065	33453689	3
6	35452338	35467106	30
6	42984570	43012342	1
6	43576147	43620523	30
6	43770209	43786487	1
6	44297850	44313358	30
6	49430360	49463298	30
6	50817692	50847619	3
6	63635802	63726011	1
6	63719980	65707226	30
6	70215061	70303084	0
6	71886703	72403145	1
6	73362658	73364171	30
6	73461737	73509236	30
6	73593379	73653992	30
6	73998109	74008782	0
6	73999168	74007298	0
6	78934419	79078294	3
6	79484991	79537430	30
6	80106610	80469088	30
6	83150728	83193900	30
6	87513938	87589996	30
6	100385009	100464929	1
6	101393708	102070083	30
6	107152557	107459681	30
6	107490104	107661306	30
6	108041409	108074741	30
6	109462594	109483219	30
6	112052813	112069686	30
6	116254171	116444861	30
6	116598184	116633051	30
6	116877218	116932163	30
6	117675469	117710727	3
6	121435646	121449727	0
6	123216339	123636950	30
6	128883138	129516566	30
6	131573226	131584329	30
6	131808020	131895155	30
6	133240340	133532128	3
6	135283532	135497771	30
6	136256627	136289846	1
6	136821683	136913934	30
6	139371807	139374648	2
6	142751469	142945756	3
6	143450805	143490616	30
6	143922155	144095424	1
6	143940300	144064599	0
6	144004916	144008730	0
6	144140044	144191939	30
6	145382540	145736023	30
6	146027634	146437601	30
6	149217926	149411611	1
6	150368854	150405969	30
6	151404548	151452169	30
6	156776026	157210779	3
6	158109515	158168270	30
6	158168316	158199344	30
6	159969082	160111504	0
6	161347417	162727802	30
6	167269032	167316014	40
6	168441153	168667992	30
6	169751622	169781600	1
6	170282200	170291078	3
7	192571	260772	30
7	2512529	2529177	30
7	2537810	2555753	30
7	5497217	5760091	3
7	5527148	5530601	0
7	5901368	5913369	40
7	5937368	5942369	40
7	5970925	6009106	3
7	6779368	6787569	40
7	6861142	6883612	40
7	16087525	16421538	30
7	19113047	19117636	3
7	21543039	21901839	30
7	30010587	30026702	30
7	33904915	34156427	30
7	35199936	35254100	1
7	38346962	38358142	40
7	39949664	40099580	2
7	40126027	40134622	30
7	41960949	42237209	3
7	44217154	44326167	1
7	50590068	50793453	0
7	55019017	55211628	0
7	56010487	56051604	30
7	56995057	57020978	40
7	63226937	63263270	40
7	63502788	63519014	40
7	65646085	65679086	40
7	65960684	65982230	30
7	66075819	66093576	30
7	66628881	66643229	30
7	69598475	70793506	3
7	73330452	74728172	3
7	74027772	74069907	3
7	74083804	74122525	0
7	74453906	74603070	0
7	74657718	74760692	0
7	74773962	74789376	30
7	74796144	74851576	0
7	74809162	74815663	40
7	74963584	75065983	40
7	75006833	75013834	40
7	75038895	75045096	40
7	75054892	75062193	40
7	75528718	76433859	2
7	75915155	75986855	30
7	80602207	80679277	30
7	81699006	81770438	30
7	83955777	84515189	1
7	92447448	92494631	30
7	92487023	92528520	30
7	92604921	92836573	30
7	93099518	93117979	30
7	94394895	94431227	0
7	94584980	94656205	3
7	94656325	94669695	0
7	94907202	95296415	0
7	96120220	96322127	30
7	96481626	96709846	0
7	97005553	97011040	0
7	97020396	97024831	0
7	98617285	98629869	0
7	98878532	99013241	1
7	99827626	99867138	40
7	99863767	99865939	40
7	100620420	100641552	30
7	100643097	100656448	30
7	101127104	101139247	30
7	101205984	101217581	30
7	102328550	102381792	40
7	102660552	102690553	40
7	103471789	103989658	30
7	104940949	105115019	3
7	110662644	111562531	40
7	114086327	114693765	1
7	116672196	116798386	0
7	117480025	117668665	30
7	122073544	122144269	30
7	122318411	122886500	0
7	128830406	128859272	3
7	130293161	130324180	0
7	130486175	130506465	0
7	130730697	130734207	0
7	138706294	138799839	30
7	139228408	139329421	1
7	140713328	140924929	1
7	141551410	141662153	30
7	142055193	142081179	40
7	142065624	142094699	40
7	142740235	142753076	0
7	142752325	142774385	40
7	142753425	142767072	40
7	143711906	143720407	40
7	144183522	144378826	40
7	144187118	144233372	0
7	144451941	144836424	30
7	146116207	148420998	1
7	150589058	150610821	40
7	150944956	150978321	3
7	151556124	151877115	0
7	152134925	152436642	3
7	153748133	154894285	1
7	155458129	155464831	0
7	155799980	155812463	3
7	156640202	156678333	40
7	156669012	156893183	30
7	156791102	156791874	0
7	157004854	157010663	3
7	157337004	157417439	0
7	158839245	158958695	30
8	75899	83100	40
8	166099	179200	40
8	737628	1708476	0
8	1755778	1786570	30
8	2935353	4995035	1
8	6406615	6648508	30
8	6971214	7020634	0
8	7195664	8273167	40
8	7253423	7300285	0
8	7355060	7369899	0
8	7878977	7906978	40
8	7879477	7885578	0
8	7887477	7896578	40
8	7941477	7966578	40
8	7948727	7954578	40
8	8242542	11908820	3
8	8783354	8893630	0
8	11676931	11760002	3
8	11842524	11868087	0
8	12046490	12068491	40
8	12104490	12110491	40
8	12394290	12439891	0
8	12433690	12453541	40
8	15540087	15766649	30
8	17246903	17333455	30
8	18055992	18084961	30
8	18527303	19086909	0
8	23243637	23262000	0
8	24950955	24956612	0
8	25419258	25425040	30
8	27771949	27812430	30
8	31033749	31176138	30
8	38411143	38468635	3
8	38996767	39105261	30
8	41929479	42051988	3
8	43140449	43202855	30
8	52622458	52714466	1
8	56957931	56993874	30
8	60185412	60281400	30
8	60678740	60868028	3
8	61500556	61714609	30
8	67062417	67198003	30
8	67422038	67747114	0
8	71197433	71548104	3
8	81656914	81686325	0
8	89933331	89984698	3
8	93754844	93832653	30
8	93916923	93926068	30
8	95244913	95269201	30
8	99013274	99877580	30
8	104379429	104467074	30
8	105318438	105804539	1
8	109086585	109121565	30
8	115408496	115668975	3
8	116845934	116874776	3
8	117794490	118111826	3
8	118923557	118951885	30
8	119730773	119832858	30
8	132570416	132685039	30
8	133237175	133297252	30
8	139600838	139703135	0
8	139727725	140458579	30
8	142740949	142742406	30
8	143213218	143217170	30
8	144256043	144278794	40
8	144257946	144277497	40
9	111999	126000	0
9	211296	465260	30
9	470295	746104	0
9	841647	969090	2
9	1003237	1057554	0
9	2015347	2193624	0
9	2621786	2660056	30
9	2717510	2730037	30
9	3824127	4310694	30
9	6532467	6645729	30
9	12693375	12710285	30
9	13105296	13279692	30
9	14734666	14911653	0
9	21802636	21867081	1
9	21967752	21995324	3
9	23690099	23850601	1
9	33104077	33167336	30
9	34458805	34520984	30
9	34646675	34651035	30
9	35073839	35079942	30
9	35085496	35096591	30
9	35657751	35658018	30
9	35736862	35749228	30
9	36833269	37034268	1
9	37422435	37438952	30
9	37779714	37785092	30
9	39368304	39380305	40
9	40218981	40229782	40
9	41373825	41397601	0
9	41447948	41584416	0
9	41875633	41894584	40
9	41893458	41898459	40
9	41901558	41912138	40
9	42187993	42193994	40
9	42571218	42576319	40
9	42579118	42598119	40
9	42606667	43163949	0
9	42657618	42675119	40
9	42712222	42793523	40
9	60913727	60920728	40
9	61055297	61066848	40
9	61087440	61092841	40
9	61087440	61115941	40
9	61192272	61211173	40
9	61196784	61203785	40
9	61197782	61282783	40
9	61230528	61334753	40
9	64363081	64375807	40
9	64386331	64392782	40
9	64406506	64422682	40
9	66946498	67116738	40
9	67082041	67101042	40
9	67097078	67112079	40
9	67106870	67112071	40
9	67168889	67177290	40
9	67173745	67222796	40
9	67288703	67293954	40
9	67289628	67296529	40
9	67701487	67723488	40
9	67724915	67742791	40
9	67887053	67919054	40
9	69035752	69079076	30
9	69121006	69255208	30
9	77177353	77421537	30
9	78236075	78279690	30
9	78297125	78330093	30
9	83968083	83980630	3
9	91722598	91950228	0
9	92325457	92620529	0
9	93576584	93679587	1
9	94603133	94640263	30
9	95099054	95317730	30
9	95442980	95516971	3
9	95875632	96041092	30
9	96235306	96313987	30
9	97654398	97697403	30
9	97853226	97856717	30
9	98732009	98796555	30
9	98807670	98850081	1
9	99104038	99154192	2
9	99216425	99221942	30
9	104600434	104606341	40
9	106860154	107013634	3
9	107775253	107778314	40
9	113386312	113401301	30
9	114316520	114335867	0
9	114402078	114505500	30
9	116423112	117415057	1
9	116687305	116701299	30
9	120388875	120580167	30
9	124481236	124507399	3
9	126613928	126701032	3
9	127611912	127696029	3
9	127815012	127854773	3
9	132891349	132945269	3
9	133351758	133356487	30
9	133414337	133459403	30
9	133532164	133575519	30
9	133636363	133659329	30
9	134641789	134844843	3
9	136045003	136052654	40
9	136196250	136205128	30
9	136428619	136439861	30
9	136673143	136687457	30
9	137191619	137200741	30
9	137619001	137836127	3
10	130088	254637	3
10	6010689	6062367	30
10	8045420	8075198	3
10	11920022	12043170	0
10	13217247	13218742	40
10	13277799	13300064	30
10	14897359	14954432	30
10	16823966	17130492	30
10	17826000	17838001	40
10	17828846	17841147	40
10	17837946	17846047	40
10	17838000	17851801	40
10	20779973	21293050	0
10	25934229	26212536	30
10	26938195	27100498	0
10	27349327	27353251	40
10	28532772	28623112	3
10	43077069	43130351	3
10	45815201	45830352	40
10	45843151	45879552	40
10	46160527	46226532	0
10	46373069	46378170	40
10	46377639	46383340	40
10	46377769	46382770	40
10	46798971	46848972	40
10	46933236	46939112	40
10	47074765	47282602	40
10	47322454	47327588	0
10	47348363	47357881	30
10	47487361	47493362	40
10	47499361	47507162	40
10	47502722	47586882	40
10	48009306	48019507	40
10	48029382	48034483	40
10	48181660	49845537	1
10	49609095	49667942	30
10	50079939	50085340	40
10	50080601	50103402	40
10	50085939	50091040	40
10	50092089	50097640	40
10	50098539	50104840	40
10	50101946	50240976	40
10	50102239	50134890	40
10	50111946	50119097	40
10	50116898	50122299	40
10	50205831	50224757	40
10	50207439	50214640	40
10	50213439	50221540	40
10	53802771	55629182	30
10	62811996	62819167	0
10	65912523	67696217	0
10	68988803	69016982	30
10	69521059	69531547	40
10	69523150	69531336	40
10	70431936	70447951	1
10	71396920	71815947	30
10	73110455	73131827	40
10	73668724	73680225	40
10	74824927	75032624	3
10	78033863	78056806	3
10	79844743	79851044	40
10	79923087	86979631	3
10	81875190	82989979	0
10	84194537	84219621	30
10	85599552	86366795	0
10	86755786	86927969	3
10	87863625	87971930	3
10	88935074	88991397	1
10	88968429	89017059	1
10	89213571	89251926	30
10	89430299	89536029	1
10	92593130	92655395	3
10	93612537	93666010	30
10	96189171	96271569	30
10	98416193	98446963	30
10	98457077	99235875	30
10	99694293	99732131	30
10	100042193	100081869	30
10	100735396	100829944	3
10	101226976	101228960	0
10	101578882	101588319	0
10	101610664	101695295	0
10	102230189	102241512	0
10	110919370	111013665	0
10	112950247	113167678	1
10	117542746	117549546	1
10	119651380	119677819	3
10	123009006	123058290	30
10	124397303	124418923	30
10	125784980	125823280	30
11	532242	535576	0
11	1894015	1915772	40
11	1995176	2001466	0
11	2129112	2149603	0
11	2159779	2161209	0
11	2445008	2849110	3
11	2608328	2699998	1
11	2883218	2885775	3
11	2899691	2925246	0
11	2928273	2929420	0
11	3087107	3165310	0
11	3218081	3339758	0
11	4234219	4256896	40
11	4234735	4257233	0
11	4242862	4288500	40
11	4946516	4955428	40
11	4947458	4959002	40
11	5852754	5862269	40
11	5852758	5862263	40
11	6621330	6655809	1
11	7788205	7813338	40
11	7789628	7811831	40
11	9778667	10294207	30
11	15966449	16738477	0
11	17392498	17476849	30
11	17493895	17544416	30
11	18918658	18942110	0
11	18920312	18943051	40
11	22622533	22625823	30
11	28985603	28990540	0
11	30231014	30235194	30
11	31781961	32489442	3
11	31789026	31817961	3
11	32387775	32435539	3
11	33703010	33736479	30
11	34915829	34996128	30
11	36510353	36579762	30
11	36591943	36598236	30
11	43873250	46130899	3
11	44095659	44251962	3
11	44260440	44310139	3
11	45804072	45813016	30
11	45909663	45917877	30
11	45929319	46121454	2
11	47214969	47239218	30
11	47331406	47352702	3
11	55264126	55271064	40
11	55596799	55676539	40
11	55666777	55676508	40
11	55678233	55690300	40
11	61198674	61252927	0
11	61430124	61446733	3
11	64803514	64811294	3
11	66070272	66244744	0
11	66848420	66958418	30
11	67364168	67374177	30
11	67452403	67461774	30
11	67518912	67523446	30
11	67606936	67612554	30
11	67996175	71525885	2
11	68030681	68036644	30
11	68039000	68053846	30
11	68298866	68449275	2
11	68754620	68844410	30
11	68903855	68940601	30
11	69809968	69819416	30
11	70203296	70207390	30
11	70467854	71252724	3
11	71434411	71448393	30
11	72139602	72178286	40
11	72189709	72196323	30
11	83455009	85628535	1
11	86945679	86955395	3
11	87037934	87328824	0
11	89786909	89923863	0
11	90029831	90050232	40
11	95832880	95924110	30
11	102109957	102233424	1
11	102880376	102882132	40
11	103109426	103479863	30
11	108222484	108369102	3
11	108505431	108607514	30
11	110174922	110296614	30
11	112086873	112095794	3
11	112226428	112233973	30
11	117316346	117413266	30
11	117986394	118003037	30
11	118304730	118316173	30
11	118338954	118342705	30
11	118344344	118355161	30
11	118436492	118526832	3
11	118572396	118603033	3
11	119024112	119030906	30
11	119084864	119093549	3
11	119096505	119101884	30
11	119206339	119308149	0
11	119338942	119346705	30
11	121101243	121191490	30
11	123069872	123195248	30
11	124865432	124881471	30
11	125592847	125623091	30
11	125624910	125676256	0
11	125883614	125900646	30
11	126269043	126278132	30
11	128838020	128867296	30
11	130159782	130210362	30
11	134069072	134152001	30
11	134253538	134265858	30
12	1969552	2697950	1
12	6444867	6451718	30
12	6570082	6607379	1
12	8208853	8238300	0
12	8208926	8239193	0
12	8405494	8443619	0
12	8602170	8612970	30
12	8914509	8941467	30
12	10428652	10444444	40
12	10428945	10444404	40
12	10429000	10435076	40
12	11039082	11065026	40
12	11072385	11088297	40
12	11073400	11098001	40
12	11074482	11098540	40
12	11649601	11895386	3
12	12717368	12722369	3
12	13537337	13982012	3
12	14612632	14696625	0
12	14880864	14885854	30
12	15620134	15789388	30
12	21531527	21604858	30
12	23529499	24562701	3
12	25205246	25250929	0
12	27495007	27501798	40
12	27495208	27502230	40
12	27958084	27972864	3
12	32399523	32646050	30
12	34202958	34208608	40
12	40480964	40482622	40
12	40692429	41072415	30
12	43758909	43789543	30
12	45729706	45908037	3
12	47972967	48006212	3
12	49018975	49060884	3
12	49184795	49189080	0
12	50104008	50111313	30
12	50112236	50120453	30
12	51591233	51812864	1
12	51906913	51923361	3
12	56041918	56044697	3
12	57747727	57752310	0
12	64713449	64759406	30
12	65169583	65248355	3
12	65278593	65466907	30
12	65824460	65966291	1
12	66347431	67069338	30
12	70242993	70354993	1
12	80099537	80380880	30
12	80424261	80680273	30
12	88049013	88142216	30
12	91050491	91058024	30
12	93677342	93894840	30
12	100357074	100422055	1
12	102836889	102958441	30
12	104975237	104980402	40
12	109477410	109543628	30
12	109553715	109573580	30
12	110614068	110649430	30
12	110910845	110920579	30
12	112418915	112509918	3
12	112575236	112898881	1
12	114353911	114408708	3
12	114670255	114684175	3
12	115958576	116277693	3
12	123620406	123633686	30
12	123671108	123708405	30
12	123712353	123761755	30
12	132623758	132687519	1
13	20187470	20192938	40
13	20221962	20232319	0
13	20960774	20966984	0
13	22970443	24307222	0
13	23160508	23325162	30
13	23328827	23433728	30
13	24882279	24922889	30
13	25371974	26025851	1
13	27620743	27667415	3
13	27919982	27926313	30
13	28659130	28678959	30
13	30932654	30975502	40
13	31739526	31803389	0
13	32315508	32400268	3
13	34942270	35672736	3
13	45701030	45714559	40
13	48303751	48481890	3
13	48400897	48444669	30
13	51932669	52012130	30
13	57194374	57212808	40
13	66302834	67230336	0
13	71902850	71915649	40
13	77895481	77975527	1
13	91398621	92867237	0
13	93226807	94408020	30
13	99981784	99986765	3
13	100089020	100530435	30
13	102846032	102875995	30
13	108207442	108218349	30
13	113105773	113120685	30
13	113122799	113149529	30
13	114314503	114327322	2
14	18685827	18693395	40
14	18685852	18693371	0
14	19010800	19832182	0
14	19722070	19958650	0
14	19722540	19957072	40
14	19867377	19955139	0
14	20469406	20477089	30
14	21154865	21156063	0
14	21280083	21351316	30
14	21351472	21384019	0
14	21358741	21393828	2
14	21385199	21456123	3
14	21392151	21392253	0
14	21397293	21397401	0
14	21642889	22552154	40
14	22773222	22819796	30
14	23117306	23119255	30
14	23412740	23435677	0
14	23998790	24004791	40
14	24249114	24263177	30
14	28766787	28770277	3
14	31025106	31096450	30
14	34709113	34714593	30
14	35136190	35146114	40
14	36657568	36679362	3
14	53036755	53153323	30
14	53949736	53956891	2
14	54842016	54902826	3
14	56799905	56810479	3
14	60509146	60512850	0
14	60643421	60649489	0
14	60709539	60724351	0
14	65006101	65102695	3
14	66507934	67181805	2
14	67728892	67817293	30
14	69879388	70032366	30
14	75578620	75648167	30
14	75661246	75955079	30
14	75985763	76084073	30
14	77274956	77320885	30
14	87933014	87993665	30
14	88385638	88470350	30
14	88824153	88881079	30
14	89954923	90044768	30
14	94376747	94390654	30
14	95086228	95158263	3
14	99928257	101038192	2
14	100725054	100828279	1
14	100726892	100738224	0
14	100826108	100861026	1
14	102362941	102502477	30
14	102922430	102933597	30
14	102932380	103057549	1
14	104769349	104795748	0
14	105583663	106881350	40
14	105651840	105679437	0
14	106349168	106358775	0
14	106370520	106394986	0
14	106691149	106708515	0
14	106717601	106728149	40
15	20183488	22002386	0
15	20523935	20540286	40
15	20836720	20850971	40
15	20939772	20958971	0
15	22782170	23040134	3
15	22782170	28134728	3
15	22786225	22829789	0
15	22838641	22868384	0
15	23465365	28134728	3
15	23565674	23568044	0
15	23643549	23647867	1
15	23685400	23687305	0
15	24823637	24978723	0
15	24954987	24978723	1
15	24981994	24982068	0
15	24985100	24985166	0
15	24986925	24986993	0
15	25278343	25278409	0
15	25333728	25439381	3
15	25672241	25865144	0
15	26543552	26773763	0
15	27719008	28099342	30
15	28916886	30076787	0
15	30089745	30146297	40
15	30140795	30590897	40
15	30195894	30503867	0
15	30400796	30432997	40
15	30532996	30560897	40
15	30555746	30590897	40
15	30900686	32153204	3
15	30903852	30943108	30
15	31001065	31161160	30
15	31475398	31870673	0
15	31727418	32153204	3
15	32030462	32173018	0
15	32398573	32442049	0
15	32400798	32405799	40
15	32451798	32462899	40
15	32482798	32487799	40
15	32572798	32605799	40
15	32593998	32605799	40
15	32718004	32745106	0
15	34417925	34564356	40
15	34434156	34580684	40
15	34790230	34795549	1
15	36579611	36810248	30
15	36889204	37101311	3
15	38252087	38357249	3
15	40161069	40221123	30
15	41387353	41402501	30
15	42359501	42412317	30
15	42723544	42737133	30
15	42942897	43106038	30
15	43197227	43225856	30
15	43232590	43266928	30
15	43533462	43590272	30
15	43599563	43618800	30
15	43628503	43648884	30
15	48206302	48304078	30
15	48408313	48645709	3
15	51447788	51622833	0
15	52307283	52529050	30
15	53513741	53762878	30
15	55202966	55291338	30
15	56918090	57292595	3
15	59132434	59372871	30
15	63042698	63071915	0
15	63321378	63381846	30
15	64155817	64163022	30
15	64387836	64455303	30
15	64963022	64989914	30
15	65001512	65029639	30
15	65611313	65661002	30
15	66386912	66491544	0
15	66505126	66550130	1
15	67065602	67195195	3
15	67200667	67255198	3
15	72671374	75215971	3
15	72671374	75680568	3
15	75339446	75680568	3
15	75369379	75455819	3
15	80152789	80186949	30
15	82130223	82262734	30
15	82534140	84045981	3
15	82536750	82540457	3
15	84596421	85169770	1
15	84748556	84806445	0
15	89243973	89317259	30
15	89627977	89663086	30
15	90717346	90816166	30
15	92900324	93027996	3
15	96326046	96340263	0
15	98648539	98964530	3
15	99971437	100342924	30
15	100400395	100544982	30
15	100566914	100603032	30
15	100879831	100916626	30
15	101175727	101252048	30
15	101621277	101981189	0
16	172876	173710	30
16	176680	177522	30
16	680410	682801	30
16	981770	986979	0
16	1239936	1245279	40
16	1256069	1259008	40
16	1510427	1612072	30
16	1984193	1987749	30
16	2039820	2047834	30
16	2047804	2089491	3
16	2088708	2135898	3
16	3242027	3256776	0
16	3611737	3665472	0
16	3725054	3880727	3
16	3725055	3880120	3
16	4796967	4802860	30
16	5071825	5087379	30
16	8674617	8784575	30
16	8797813	8849326	30
16	9753404	10182928	3
16	11547722	11636377	0
16	14688342	14711143	40
16	14689142	14759293	40
16	15037853	15056074	0
16	15417854	16198408	3
16	15643267	15726353	30
16	15703135	15857032	0
16	16235742	16270493	40
16	17101769	17470960	30
16	18321142	18327143	40
16	18791667	18801549	30
16	21500755	21584256	0
16	21558792	21729102	30
16	21663968	21762625	30
16	21937124	22419483	2
16	23388493	23453215	30
16	23520754	23557375	30
16	25054825	25126057	40
16	27402162	27452043	30
16	28466653	28492082	30
16	28703778	28759679	40
16	28753678	28760679	40
16	28811314	29035178	3
16	28842411	28846348	30
16	28846606	28874213	1
16	28878488	28904466	30
16	28931735	28939347	30
16	29638676	30188531	3
16	29812193	29815920	3
16	30064279	30070420	30
16	30183602	30189076	30
16	30699171	30741409	1
16	30748425	30761176	30
16	30956618	30984664	3
16	30985189	30989152	30
16	31108381	31117651	30
16	32008678	32084679	0
16	32644678	32790679	40
16	34632766	36224317	40
16	34967717	35913137	40
16	46689656	46698394	30
16	47461299	47701523	30
16	50742086	50801935	3
16	51135982	51151270	1
16	56191489	56357444	1
16	56865207	56915850	30
16	57619535	57665567	30
16	57882340	57971128	30
16	58519951	58629826	3
16	67029149	67101058	0
16	67562526	67639185	3
16	67657512	67660832	1
16	68737292	68835537	3
16	69326428	69339564	30
16	70060340	70209053	0
16	70252295	70289509	0
16	70480567	70523554	30
16	72008744	72027659	30
16	72054616	72082165	0
16	74354039	74425264	0
16	74712955	74774831	30
16	75472042	75495441	30
16	75536741	75556286	30
16	75627724	75647665	30
16	77282128	77435034	30
16	78099654	79212667	30
16	81081945	81096395	30
16	81314962	81390809	30
16	81988855	82011526	40
16	83899115	83927031	30
16	84009667	84043372	30
16	84145266	84178761	30
16	84368523	84465777	0
16	86510527	86515422	3
16	86566829	86569728	3
16	87881549	87936575	30
16	88803789	88809258	30
16	88813734	88856966	30
16	89093847	89160556	30
16	89171748	89195492	0
16	89267619	89490561	3
16	89508379	89557768	30
16	89644435	89657708	30
16	89737549	89816647	30
16	89921925	89936097	0
17	508668	714846	30
17	1003519	1229722	0
17	1344275	1400229	0
17	1344539	2685615	3
17	1517718	1562803	0
17	1762060	1777565	30
17	2593210	2685617	3
17	3473646	3503405	30
17	3636459	3663103	30
17	4739833	4746119	30
17	4949182	4957131	30
17	4997950	5028401	30
17	6684719	6713400	30
17	7217125	7225266	30
17	7668402	7687550	3
17	7686071	7703502	30
17	7834210	7854796	1
17	8224815	8248079	30
17	8474212	8631369	1
17	14069504	14208677	30
17	14194598	15519638	3
17	15229779	15265326	3
17	15999771	16045428	30
17	16757446	16804519	0
17	16808258	16821368	0
17	16808292	16821367	40
17	16906714	20309889	3
17	17206946	17237188	3
17	17681376	17811453	3
17	18015059	18039168	30
17	18108756	18180244	30
17	18426684	18561836	40
17	18456476	18473409	40
17	18456500	18473362	0
17	18458425	18520558	0
17	18515275	18561800	40
17	19111686	19150687	40
17	19334695	19377913	30
17	19648136	19677596	30
17	29246859	29254494	0
17	30194319	30235697	0
17	30780079	31937008	3
17	30968642	30999911	0
17	31094927	31377677	3
17	31937007	32001040	0
17	35092221	35119860	2
17	36175580	36196832	0
17	36182399	36224174	40
17	36458167	37854616	3
17	36534987	36539303	30
17	37686431	37745059	3
17	38324571	38343956	30
17	39671122	39688057	30
17	40062193	40093867	0
17	40694246	40703752	40
17	41227065	41240192	40
17	41227747	41238748	40
17	41228039	41236306	40
17	41265541	41275893	40
17	41266736	41274275	40
17	41272898	41277342	40
17	41375466	41383480	0
17	41375714	41383037	0
17	41420547	41424585	40
17	43044295	43125364	3
17	43753738	43758791	30
17	44070673	44076344	30
17	44849948	44899445	3
17	44899729	44905390	30
17	45627800	46087514	3
17	45784320	45835828	0
17	45894538	46028334	0
17	46027335	46225370	3
17	46291633	46302634	40
17	46304333	46309634	40
17	46321733	46328334	40
17	46323833	46341084	40
17	46326533	46332534	40
17	46560633	46575634	40
17	47253827	47313743	0
17	47323955	47441312	40
17	50056065	50090481	30
17	50184096	50201649	3
17	56593699	56595611	3
17	56834131	56869567	30
17	58205436	58219605	30
17	58692140	58735611	3
17	58968010	59106880	30
17	59619895	59696956	3
17	60035641	62198448	3
17	61399843	61409466	1
17	61452422	61485110	3
17	61679139	61864120	3
17	65528563	65561648	3
17	67825503	67984378	3
17	69896855	71796293	3
17	73193055	73208507	30
17	74274229	74314884	30
17	74916083	74923255	30
17	75272980	75289958	30
17	75516528	75524735	30
17	75751469	75765192	30
17	75941507	75979199	30
17	76527586	76555339	30
17	76726041	76733881	30
17	78107397	78132427	30
17	78129298	78142968	30
17	78991716	79009793	30
17	80036632	80100613	30
17	80101535	80119881	30
17	80134369	80147128	30
17	80169992	80209331	0
17	80200668	80220333	30
17	81932391	81937300	30
17	82035858	82037697	30
18	2916994	3013201	30
18	3412009	3459978	3
18	3568885	3571732	40
18	6941742	7117797	30
18	9102642	9134341	30
18	9784175	9793227	40
18	13882042	13915707	30
18	14432554	14565139	0
18	22169589	22202528	3
18	22914121	23026486	30
18	23506184	23586506	30
18	23689443	23955066	30
18	26167795	26171731	40
18	30989365	31042742	30
18	31058840	31102421	2
18	31376777	31415791	30
18	31498177	31549008	2
18	33578219	33751195	3
18	37243040	37565798	1
18	44680072	45068510	3
18	46476961	46657220	30
18	46917550	47104795	1
18	46962327	46978121	0
18	47808957	47931188	0
18	49036387	49460709	30
18	49822789	50195147	30
18	50227193	50266495	30
18	51030213	51085042	3
18	55222185	55635957	3
18	58671420	58754477	30
18	59267038	59273454	30
18	59327823	59359265	30
18	59430939	59698181	30
18	62041164	62187118	30
18	63753057	63805370	30
18	70003031	70205726	30
18	74250846	74291980	30
18	74590475	75065671	0
18	77249848	77277900	0
18	79679803	79756625	30
19	850997	856250	1
19	859664	863641	30
19	1000419	1009748	40
19	1103994	1106779	30
19	1205778	1228431	3
19	1383904	1395584	30
19	1397026	1401542	30
19	2249323	2252073	30
19	3585478	3593541	30
19	3630181	3700486	30
19	3880685	3928082	30
19	4090321	4124184	1
19	6361531	6370242	30
19	6494319	6502848	0
19	7019163	7060489	0
19	10960997	11062277	2
19	11089432	11133820	3
19	11574660	11578983	30
19	12646511	12666742	30
19	12806584	12813640	30
19	12891129	12899999	30
19	12995475	13098796	3
19	13206442	13506479	3
19	15508487	15552317	30
19	15616920	15676907	40
19	18153163	18170532	0
19	20412004	20542598	40
19	21904297	22959138	40
19	29698886	29715789	30
19	32830511	32870957	30
19	33299934	33302564	0
19	33386950	33521791	30
19	35030470	35040449	0
19	35360097	35372373	40
19	35648323	35658782	30
19	35717818	35738878	3
19	35825372	35852504	30
19	35904403	35908295	30
19	35995188	35996312	30
19	36003307	36008813	30
19	36054881	36111145	30
19	38433691	38587564	0
19	40230317	40285531	0
19	41860255	41872925	3
19	42247569	42255128	3
19	42268530	42295796	3
19	42738644	43237158	40
19	43196814	43260657	40
19	43196847	43211848	40
19	44946051	44949565	30
19	45349837	45370647	30
19	45407334	45451547	30
19	46119085	46125218	40
19	46410329	46413564	30
19	48485271	48513926	1
19	48963941	48966879	0
19	50384291	50418018	1
19	50659255	50719802	1
19	51028954	51035648	40
19	51345155	51366388	30
19	51610960	51630428	40
19	51624746	51636147	40
19	51631046	51645747	40
19	52812971	52820472	40
19	53436136	53473398	40
19	54137689	54155690	0
19	54297004	54303769	40
19	54734133	54739234	40
19	54739307	54755684	40
19	54740153	54745554	40
19	54745547	54777548	40
19	54763397	54770148	40
19	54766547	54776548	40
19	54774547	54781548	40
19	54781547	54786548	40
19	54790047	54812548	40
19	54803444	54812145	40
19	54849044	54858545	40
19	54856544	54861645	40
19	55013705	55038264	30
19	55132698	55149332	30
19	55151767	55157732	1
19	55769264	55778196	0
19	56774547	56840726	0
19	56810082	56840726	0
19	57191500	57222846	0
20	435480	462543	30
20	472498	543790	2
20	760080	775985	30
20	958452	1002311	30
20	8132266	8884900	30
20	10401009	10434222	30
20	10637684	10673999	3
20	13785026	13821580	30
20	18507548	18561415	30
20	19757610	20002456	30
20	21505887	21516082	40
20	21705664	21718481	30
20	25294743	25390835	30
20	30274364	30301403	40
20	32358062	32439319	3
20	34235012	34311976	30
20	34363273	34511773	30
20	35433347	35454749	3
20	37521250	37523690	0
20	38472820	38578861	1
20	40685848	40689236	0
20	43507697	43550954	0
20	46708358	46736347	30
20	48921711	49036693	30
20	50888918	50931437	3
20	50934855	50958564	30
20	51782331	51802521	3
20	54145731	54174032	30
20	58839681	58911192	3
20	63400208	63472655	3
21	10807602	11085101	0
21	13585184	13829682	40
21	13608078	13613779	40
21	13622878	13628879	40
21	13640478	13662379	40
21	25880550	26171128	0
21	33488055	33491716	40
21	33543038	33577481	3
21	33642452	33899861	1
21	34516442	34615123	0
21	34787801	35049334	3
21	36460621	36576569	30
21	36748625	36990255	30
21	37223420	37268108	0
21	37365573	37526358	3
21	40010999	40847158	3
21	41739373	41767052	30
21	42371890	42396052	30
21	42472486	42496246	30
21	43053190	43076873	30
21	43549137	43554132	40
21	43550452	43551866	40
21	43773950	43776308	30
21	44012309	44106552	0
21	44497893	44711572	30
21	44885949	44928815	30
21	46135981	46156482	30
21	46161013	46162994	40
21	46188446	46228774	0
21	46458891	46571226	1
22	16912063	18109094	0
22	16961936	17008281	40
22	17085000	17115693	30
22	17178790	17221854	30
22	17592136	17628822	0
22	18077990	18105396	30
22	18516557	18521633	40
22	18578203	18649330	40
22	18601732	18607733	40
22	18751086	18759487	40
22	18912781	18936553	30
22	18924718	20299685	3
22	18924718	21111383	3
22	19175581	19178736	30
22	19330698	19431733	0
22	19723539	19724771	30
22	19756703	19783593	2
22	20377696	21111383	2
22	20424584	20437825	30
22	20859007	20891214	30
22	20917407	20953747	1
22	21207910	21215111	40
22	21324131	21329132	40
22	21357191	21387766	40
22	21458269	21562279	40
22	21512587	21554998	40
22	21562828	23306924	3
22	21957025	21982787	0
22	22776924	23306924	1
22	22776925	24598466	3
22	22881268	22896812	40
22	23180509	23318037	0
22	23489015	24236853	3
22	23573125	23580290	30
22	23786966	23838009	3
22	23931956	23969110	40
22	23972100	23992644	40
22	23973810	23980811	40
22	23982108	23992009	40
22	24495060	24528681	30
22	25211660	25231869	0
22	25307292	25389268	0
22	28687743	28741866	3
22	29603556	29698600	3
22	30488150	30505711	40
22	30607174	30627271	30
22	32043050	32113029	30
22	32474682	32498829	30
22	33162237	33922824	30
22	36758208	36776119	30
22	36861006	36878015	30
22	36913574	36940449	30
22	37065436	37110625	30
22	37697048	37776556	30
22	37972312	37984555	3
22	38111495	38181830	30
22	38962303	38992410	40
22	40044834	40335808	3
22	40346500	40387527	30
22	40857148	40932815	30
22	41092592	41180077	3
22	42160013	42283927	3
22	42692115	42721301	30
22	46335714	46357340	30
22	49860163	49918469	30
22	50059391	50085875	30
22	50217694	50245028	30
22	50525752	50530085	30
22	50578963	50582849	30
22	50622754	50628152	30
22	50672823	50733212	3
X	2903972	2929345	0
X	2934521	2968245	3
X	6533618	6535118	0
X	6537771	8156913	3
X	7147290	7354641	3
X	8528874	8732137	3
X	10156975	10237660	1
X	10445310	10833683	3
X	11111332	11123086	3
X	13712243	13734633	3
X	13734726	13773978	3
X	14690863	14873255	3
X	15319451	15335554	2
X	15825806	15854966	3
X	17375200	17735994	3
X	18425608	18653629	3
X	18639688	18672108	3
X	19343906	19361718	3
X	20149911	20267514	3
X	21374418	21654689	3
X	21940709	21994837	3
X	22032325	22251310	3
X	23334369	23404374	3
X	25003694	25015965	3
X	28587446	29956718	3
X	30176883	30336883	0
X	30304206	30309390	3
X	30653348	30731462	3
X	31119219	33339460	3
X	37780059	37813461	3
X	38352528	38421446	3
X	38561542	38688918	1
X	40051246	40177390	3
X	40580970	40606848	0
X	41085420	41236579	3
X	41333308	41364472	3
X	41447343	41475652	3
X	41514934	41923554	3
X	43654906	43882474	3
X	43655006	43746817	1
X	43948776	43973390	3
X	44873182	45112779	3
X	46497725	46545466	1
X	46837043	46882358	3
X	47444691	47485934	1
X	47571901	47619857	3
X	47635520	47650604	0
X	47836902	47925627	0
X	48020900	48092718	40
X	48447780	52444264	0
X	48458544	48470260	0
X	48476021	48486364	3
X	48508992	48520814	3
X	48521808	48528716	3
X	48786540	48794311	0
X	48897862	48903143	3
X	48903183	48911958	3
X	49074442	49101178	3
X	49187815	49200193	1
X	49319820	49329571	40
X	49331318	49342419	0
X	49528396	49554047	0
X	49564396	49578797	0
X	49574396	49592297	0
X	49922596	50099231	3
X	50575534	50814194	0
X	53176277	53225207	3
X	53225784	53321356	3
X	53334251	53766556	0
X	53374149	53422728	3
X	53431258	53434376	0
X	53532096	53686723	0
X	53936680	54048935	3
X	54445454	54496234	3
X	55908123	56291531	0
X	63634967	63785546	3
X	64915807	65034741	3
X	67544021	67730619	3
X	68042344	68433841	3
X	68829021	68842160	3
X	69616086	70039472	3
X	70444835	70505490	2
X	71118596	71142450	0
X	71144389	71175307	0
X	71239624	71255197	0
X	72329516	72573099	3
X	73820651	73852753	3
X	74421493	74533916	3
X	74732856	74925452	3
X	75368427	75523259	0
X	76917203	76920597	40
X	77504880	77786235	3
X	77825747	77895568	3
X	77910693	78050395	3
X	78104248	78129295	2
X	80014753	80031774	3
X	80669503	80809877	3
X	85243820	85273362	2
X	85861180	86047558	3
X	100291644	100410273	3
X	100644199	100675788	0
X	101345661	101348742	3
X	101349450	101390796	3
X	101397803	101407925	3
X	101832112	101857577	1
X	103776506	103792619	3
X	107628510	107651026	3
X	107825735	107931637	0
X	108439838	108697545	3
X	109641335	109733325	1
X	110673856	110795817	3
X	110944324	111227361	2
X	111293779	111412205	3
X	116170744	116174974	0
X	119574563	119584423	3
X	119805311	119853028	3
X	119871832	119876662	0
X	120426148	120469349	3
X	120523858	120575532	3
X	120872658	120990043	0
X	120943262	120986146	40
X	123184278	123490915	2
X	123859708	123913972	3
X	123900469	124102669	3
X	123960560	124102656	3
X	124346563	124373160	3
X	129540259	129592556	3
X	129803288	129843886	3
X	132074926	132128020	3
X	133535745	133985616	3
X	134373312	134428790	3
X	134460165	134500668	3
X	135779496	135786197	40
X	135831689	135847890	40
X	135974596	136047269	3
X	136648158	136660390	3
X	136665547	136780945	0
X	137566127	137577691	3
X	139530720	139563459	3
X	140502985	140505069	0
X	143513946	143712498	40
X	147911919	147951125	3
X	148500617	149000663	3
X	149476988	149505306	3
X	150562658	150673143	3
X	152831001	152869729	3
X	153072616	153082817	40
X	153587925	153599165	2
X	153687926	153696593	3
X	153724851	153744755	3
X	153861514	153886173	3
X	153902625	153907166	3
X	153929225	153935037	1
X	154008529	154110279	0
X	154021573	154097717	3
X	154144372	154195156	0
X	154246526	154256527	40
X	154348531	154374634	3
X	154396223	154555683	0
X	154398065	154402339	0
X	154437154	154443467	1
X	154541238	154565046	3
X	154762864	154777689	1
X	154835792	155022723	3
X	154890328	155335092	3
X	155258235	155264491	3
X	155489011	155612952	1
X	156008634	156019835	40
Y	624344	659411	3
Y	1268814	1325218	30
Y	2786855	2787682	3
Y	21495113	21551414	0
Y	21878052	21923853	0
Y	22215719	22319024	40
Y	22984263	23005465	0
Y	23129355	23199117	0
Y	23707042	24000812	40
Y	25622095	25625511	0
Y	57067838	57130289	0
